0.000000000000000000e+00 1.000000000000000000e+00
1.001001001001001062e-01 9.900133922805577358e-01
2.002002002002002123e-01 9.604524984571990442e-01
3.003003003003003046e-01 9.124981707317239010e-01
4.004004004004004247e-01 8.480660133419075652e-01
5.005005005005005447e-01 7.697298610092281335e-01
6.006006006006006093e-01 6.806189634280733758e-01
7.007007007007007848e-01 5.842929829091246807e-01
8.008008008008008494e-01 4.845997985749157522e-01
9.009009009009009139e-01 3.855217973224376871e-01
1.001001001001001089e+00 2.910167916802299803e-01
1.101101101101101154e+00 2.048599193237825578e-01
1.201201201201201219e+00 1.304928397993267986e-01
1.301301301301301283e+00 7.088625250866792404e-02
1.401401401401401570e+00 2.842122787087193389e-02
1.501501501501501634e+00 4.794092057355445712e-03
1.601601601601601699e+00 9.486648157326658731e-04
1.701701701701701763e+00 1.703855723950655973e-02
1.801801801801801828e+00 5.242103555314011482e-02
1.901901901901902114e+00 1.056826960323937331e-01
2.002002002002002179e+00 1.746959254384974902e-01
2.102102102102102243e+00 2.567038915733289017e-01
2.202202202202202308e+00 3.484306688862565671e-01
2.302302302302302373e+00 4.462121000077090560e-01
2.402402402402402437e+00 5.461421657582639089e-01
2.502502502502502502e+00 6.442290166738057211e-01
2.602602602602602566e+00 7.365544331442188675e-01
2.702702702702703075e+00 8.194303443022068478e-01
2.802802802802803139e+00 8.895461532912644076e-01
2.902902902902903204e+00 9.441009837941716221e-01
3.003003003003003268e+00 9.809155650451958364e-01
3.103103103103103333e+00 9.985192859190987758e-01
3.203203203203203397e+00 9.962089405967996525e-01
3.303303303303303462e+00 9.740768191280196886e-01
3.403403403403403527e+00 9.330070207731894216e-01
3.503503503503503591e+00 8.746401373934544754e-01
3.603603603603603656e+00 8.013077176612939390e-01
3.703703703703703720e+00 7.159391300126379809e-01
3.803803803803804229e+00 6.219445448331264448e-01
3.903903903903904293e+00 5.230787103225176260e-01
4.004004004004004358e+00 4.232909637052623131e-01
4.104104104104104422e+00 3.265674693040551135e-01
4.204204204204204487e+00 2.367719855022500097e-01
4.304304304304304551e+00 1.574915213866716068e-01
4.404404404404404616e+00 9.189304853707040699e-02
4.504504504504504681e+00 4.259699181482014957e-02
4.604604604604604745e+00 1.157255274232278641e-02
4.704704704704704810e+00 5.904693050940840036e-05
4.804804804804804874e+00 8.516397843452403610e-03
4.904904904904904939e+00 3.660676449749886846e-02
5.005005005005005003e+00 8.320803700277171200e-02
5.105105105105105068e+00 1.464586608483230135e-01
5.205205205205205132e+00 2.238319993607306990e-01
5.305305305305305197e+00 3.122372638213266050e-01
5.405405405405406150e+00 4.081429794441056580e-01
5.505505505505506214e+00 5.077180551891574689e-01
5.605605605605606279e+00 6.069848221760850704e-01
5.705705705705706343e+00 7.019779273589851210e-01
5.805805805805806408e+00 7.889027352278045191e-01
5.905905905905906472e+00 8.642869099534478128e-01
6.006006006006006537e+00 9.251191228109597597e-01
6.106106106106106601e+00 9.689693440142860270e-01
6.206206206206206666e+00 9.940859137331528039e-01
6.306306306306306730e+00 9.994655146513988786e-01
6.406406406406406795e+00 9.848932509127934498e-01
6.506506506506506859e+00 9.509512324435034358e-01
6.606606606606606924e+00 8.989953217381644324e-01
6.706706706706706989e+00 8.311009719924583594e-01
6.806806806806807053e+00 7.499803201554935406e-01
6.906906906906907118e+00 6.588738467386346942e-01
7.007007007007007182e+00 5.614209301847455924e-01
7.107107107107107247e+00 4.615144666887834313e-01
7.207207207207207311e+00 3.631453628890319862e-01
7.307307307307307376e+00 2.702431133909357075e-01
7.407407407407407440e+00 1.865188314824600124e-01
7.507507507507508393e+00 1.153170034036518771e-01
7.607607607607608458e+00 5.948188805823349107e-02
7.707707707707708522e+00 2.124389902190221627e-02
7.807807807807808587e+00 2.130507480602729722e-03
7.907907907907908651e+00 2.905225208379290814e-03
8.008008008008008716e+00 2.353710499706949261e-02
8.108108108108108780e+00 6.320197688681598869e-02
8.208208208208208845e+00 1.203153708143994277e-01
8.308308308308308909e+00 1.925958105370968454e-01
8.408408408408408974e+00 2.771559504657106765e-01
8.508508508508509038e+00 3.706179148155682723e-01
8.608608608608609103e+00 4.692482316880671744e-01
8.708708708708709167e+00 5.691069719478081268e-01
8.808808808808809232e+00 6.662051353294637934e-01
8.908908908908909297e+00 7.566639967611509254e-01
9.009009009009009361e+00 8.368700475874069067e-01
9.109109109109109426e+00 9.036193423429216276e-01
9.209209209209209490e+00 9.542454849386042826e-01
9.309309309309309555e+00 9.867261416686482489e-01
9.409409409409409619e+00 9.997638262241224094e-01
9.509509509509509684e+00 9.928377296401251773e-01
9.609609609609609748e+00 9.662245247551021210e-01
9.709709709709709813e+00 9.209873141184289347e-01
9.809809809809809877e+00 8.589331628379057726e-01
9.909909909909909942e+00 7.825409127783394814e-01
1.001001001001001001e+01 6.948621616763315245e-01
1.011011011011011007e+01 5.993993627022272674e-01
1.021021021021021014e+01 4.999659139566443034e-01
1.031031031031031020e+01 4.005338268268360813e-01
1.041041041041041026e+01 3.050750583083657319e-01
1.051051051051051033e+01 2.174028454995335369e-01
1.061061061061061039e+01 1.410193803892083875e-01
1.071071071071071223e+01 7.897590978662348549e-02
1.081081081081081230e+01 3.375084890162404622e-02
1.091091091091091236e+01 7.150777502794370029e-03
1.101101101101101243e+01 2.382735036115263153e-04
1.111111111111111249e+01 1.328946676727117346e-02
1.121121121121121256e+01 4.578300870419412666e-02
1.131131131131131262e+01 9.642089828742322899e-02
1.141141141141141269e+01 1.631803325609258448e-01
1.151151151151151275e+01 2.433945103980565960e-01
1.161161161161161282e+01 3.338591616884275526e-01
1.171171171171171288e+01 4.309605464923862428e-01
1.181181181181181294e+01 5.308198110537257763e-01
1.191191191191191301e+01 6.294479341631417091e-01
1.201201201201201307e+01 7.229050743182396932e-01
1.211211211211211314e+01 8.074579523297802375e-01
1.221221221221221320e+01 8.797289825007588160e-01
1.231231231231231327e+01 9.368311951199852494e-01
1.241241241241241333e+01 9.764835605980980437e-01
1.251251251251251340e+01 9.971021084583854277e-01
1.261261261261261346e+01 9.978632013039467896e-01
1.271271271271271353e+01 9.787364361920352085e-01
1.281281281281281359e+01 9.404858591231091136e-01
1.291291291291291365e+01 8.846394441300869937e-01
1.301301301301301372e+01 8.134280561692586176e-01
1.311311311311311378e+01 7.296963360275118271e-01
1.321321321321321385e+01 6.367890670757651028e-01
1.331331331331331391e+01 5.384175631112415594e-01
1.341341341341341398e+01 4.385114146174027838e-01
1.351351351351351404e+01 3.410615156493215783e-01
1.361361361361361411e+01 2.499606418601721392e-01
1.371371371371371417e+01 1.688479480076770789e-01
1.381381381381381424e+01 1.009635967101247117e-01
1.391391391391391430e+01 4.901932551430493445e-02
1.401401401401401436e+01 1.509012265903762404e-02
1.411411411411411443e+01 5.313387009185253831e-04
1.421421421421421449e+01 5.924545096995015130e-03
1.431431431431431456e+01 3.105430250075667808e-02
1.441441441441441462e+01 7.491676679509906567e-02
1.451451451451451469e+01 1.357597890819595976e-01
1.461461461461461475e+01 2.111529077771616136e-01
1.471471471471471482e+01 2.980844368760878771e-01
1.481481481481481488e+01 3.930817720604892207e-01
1.491491491491491495e+01 4.923501088468498210e-01
1.501501501501501679e+01 5.919240314813839499e-01
1.511511511511511685e+01 6.878259171463393384e-01
1.521521521521521692e+01 7.762248277949548303e-01
1.531531531531531698e+01 8.535895424533357367e-01
1.541541541541541704e+01 9.168296168950023084e-01
1.551551551551551711e+01 9.634188358575657141e-01
1.561561561561561717e+01 9.914961263260887447e-01
1.571571571571571724e+01 9.999399007576353915e-01
1.581581581581581730e+01 9.884128605005285673e-01
1.591591591591591737e+01 9.573754696716236801e-01
1.601601601601601743e+01 9.080675612582942424e-01
1.611611611611611750e+01 8.424588102157007929e-01
1.621621621621621756e+01 7.631700519823426676e-01
1.631631631631631763e+01 6.733685894583729681e-01
1.641641641641641769e+01 5.766416705592281033e-01
1.651651651651651775e+01 4.768531904647321240e-01
1.661661661661661782e+01 3.779893427973778364e-01
1.671671671671671788e+01 2.839993854143191832e-01
1.681681681681681795e+01 1.986378816513631185e-01
1.691691691691691801e+01 1.253147189181988419e-01
1.701701701701701808e+01 6.695889586668625493e-02
1.711711711711711814e+01 2.590151934866782163e-02
1.721721721721721821e+01 3.782685017243163101e-03
1.731731731731731827e+01 1.485961359129338733e-03
1.741741741741741833e+01 1.910309428718053384e-02
1.751751751751751840e+01 5.593034221862187849e-02
1.761761761761761846e+01 1.104965880395415989e-01
1.771771771771771853e+01 1.806221049829949687e-01
1.781781781781781859e+01 2.635056289336324964e-01
1.791791791791791866e+01 3.558362589310541391e-01
1.801801801801801872e+01 4.539257158461670327e-01
1.811811811811811879e+01 5.538556759684736264e-01
1.821821821821821885e+01 6.516342940533300654e-01
1.831831831831831892e+01 7.433556632920860219e-01
1.841841841841841898e+01 8.253558423484308459e-01
1.851851851851851904e+01 8.943592167377257818e-01
1.861861861861861911e+01 9.476093479345961690e-01
1.871871871871871917e+01 9.829790832539537782e-01
1.881881881881881924e+01 9.990555280086990120e-01
1.891891891891891930e+01 9.951964856096765510e-01
1.901901901901901937e+01 9.715561110273327472e-01
1.911911911911911943e+01 9.290787528508459570e-01
1.921921921921921950e+01 8.694612299324837590e-01
1.931931931931931956e+01 7.950850495306077681e-01
1.941941941941941963e+01 7.089212745945946414e-01
1.951951951951951969e+01 6.144118404040928016e-01
1.961961961961961975e+01 5.153320615392907866e-01
1.971971971971971982e+01 4.156398215379956129e-01
1.981981981981981988e+01 3.193174695744692149e-01
1.991991991991991995e+01 2.302127398234067313e-01
2.002002002002002001e+01 1.518850482126911927e-01
2.012012012012012008e+01 8.746330646106528772e-02
2.022022022022022014e+01 3.952093322243578621e-02
2.032032032032032021e+01 9.973055195495865791e-03
2.042042042042042027e+01 4.647433406588936323e-09
2.052052052052052034e+01 1.000016935260708388e-02
2.062062062062062040e+01 3.957407842285536742e-02
2.072072072072072046e+01 8.754035974371816853e-02
2.082082082082082053e+01 1.519829315739480435e-01
2.092092092092092059e+01 2.303275431723429689e-01
2.102102102102102066e+01 3.194446069270420741e-01
2.112112112112112072e+01 4.157742142107385130e-01
2.122122122122122079e+01 5.154683410245913810e-01
2.132132132132132085e+01 6.145445628229118107e-01
2.142142142142142447e+01 7.090451381600055836e-01
2.152152152152152453e+01 7.951951063352536986e-01
2.162162162162162460e+01 8.695530835998248609e-01
2.172172172172172466e+01 9.291487341547092216e-01
2.182182182182182473e+01 9.716014244644004538e-01
2.192192192192192479e+01 9.952153210698669872e-01
2.202202202202202486e+01 9.990471330826038443e-01
2.212212212212212492e+01 9.829437932889080187e-01
2.222222222222222499e+01 9.475485726387489205e-01
2.232232232232232505e+01 8.942753838672319322e-01
2.242242242242242511e+01 8.252523007272568600e-01
2.252252252252252518e+01 7.432365490384448270e-01
2.262262262262262524e+01 6.515043653565215642e-01
2.272272272272272531e+01 5.537201230162037691e-01
2.282282282282282537e+01 4.537899534950740610e-01
2.292292292292292544e+01 3.557057104025116989e-01
2.302302302302302550e+01 2.633855091754122024e-01
2.312312312312312557e+01 1.805172123507157167e-01
2.322322322322322563e+01 1.104111126194883136e-01
2.332332332332332570e+01 5.586769844875340285e-02
2.342342342342342576e+01 1.906578456251986284e-02
2.352352352352352582e+01 1.475476070013689162e-03
2.362362362362362589e+01 3.799443013549430245e-03
2.372372372372372595e+01 2.594485120825491473e-02
2.382382382382382602e+01 6.702707063642034113e-02
2.392392392392392608e+01 1.254050132593532152e-01
2.402402402402402615e+01 1.987466886272800937e-01
2.412412412412412621e+01 2.841223585746563973e-01
2.422422422422422628e+01 3.781215698032859285e-01
2.432432432432432634e+01 4.769893893192594936e-01
2.442442442442442641e+01 5.767764006042465086e-01
2.452452452452452647e+01 6.734964687094523450e-01
2.462462462462462653e+01 7.632859721198187453e-01
2.472472472472472660e+01 8.425581406438146237e-01
2.482482482482482666e+01 9.081463340809652340e-01
2.492492492492492673e+01 9.574305381957358696e-01
2.502502502502502679e+01 9.884420249350898136e-01
2.512512512512512686e+01 9.999419960875766122e-01
2.522522522522522692e+01 9.914710688504572156e-01
2.532532532532532699e+01 9.633676265330798349e-01
2.542542542542542705e+01 9.167543013514027894e-01
2.552552552552552712e+01 8.534931292777788725e-01
2.562562562562562718e+01 7.761111683496940694e-01
2.572572572572572724e+01 6.876995517205480857e-01
2.582582582582582731e+01 5.917900079228091137e-01
2.592592592592592737e+01 4.922137809183115831e-01
2.602602602602602744e+01 3.929485855761601365e-01
2.612612612612612750e+01 2.979597121606578636e-01
2.622622622622622757e+01 2.110416271378544040e-01
2.632632632632632763e+01 1.356663977831412959e-01
2.642642642642642770e+01 7.484499548583251061e-02
2.652652652652652776e+01 3.100701818868651163e-02
2.662662662662662783e+01 5.903636621624929783e-03
2.672672672672672789e+01 5.376412812146581658e-04
2.682682682682682795e+01 1.512338452941182354e-02
2.692692692692692802e+01 4.907821798175143746e-02
2.702702702702702808e+01 1.010457672307634308e-01
2.712712712712712815e+01 1.689501141624851210e-01
2.722722722722722821e+01 2.500787224759083993e-01
2.732732732732732828e+01 3.411907938268316509e-01
2.742742742742742834e+01 4.386467261549046315e-01
2.752752752752752841e+01 5.385535027957555343e-01
2.762762762762762847e+01 6.369202046020798758e-01
2.772772772772772854e+01 7.298174329194974108e-01
2.782782782782782860e+01 8.135342750382897892e-01
2.792792792792792866e+01 8.847265419114538343e-01
2.802802802802802873e+01 9.405503565713085878e-01
2.812812812812812879e+01 9.787757568642113659e-01
2.822822822822822886e+01 9.978757744795861973e-01
2.832832832832832892e+01 9.970874318839966222e-01
2.842842842842842899e+01 9.764422205504451613e-01
2.852852852852852905e+01 9.367648429864247062e-01
2.862862862862862912e+01 8.796402688122072488e-01
2.872872872872872918e+01 8.073504208814654692e-01
2.882882882882882924e+01 7.227830206077288100e-01
2.892892892892892931e+01 6.293162338005449108e-01
2.902902902902902937e+01 5.306837249984742710e-01
2.912912912912912944e+01 4.308255108966795310e-01
2.922922922922922950e+01 3.337305707423556256e-01
2.932932932932932957e+01 2.432775008509582837e-01
2.942942942942942963e+01 1.630795785265862496e-01
2.952952952952952970e+01 9.634042452991073424e-02
2.962962962962962976e+01 4.572602986290073140e-02
2.972972972972972983e+01 1.325825894354208320e-02
2.982982982982982989e+01 2.340833386201806438e-04
2.992992992992993351e+01 7.173772378677565134e-03
3.003003003003003357e+01 3.380011025516187900e-02
3.013013013013013364e+01 7.904946980256191691e-02
3.023023023023023370e+01 1.411143006074541129e-01
3.033033033033033377e+01 2.175153341961504616e-01
3.043043043043043383e+01 3.052006219614099014e-01
3.053053053053053389e+01 4.006674496165203436e-01
3.063063063063063396e+01 5.001022581294370939e-01
3.073073073073073402e+01 5.995329817950543205e-01
3.083083083083083409e+01 6.949877180833373691e-01
3.093093093093093415e+01 7.826533909691903990e-01
3.103103103103103422e+01 8.590280697103257479e-01
3.113113113113113428e+01 9.210608584815985767e-01
3.123123123123123435e+01 9.662737687742021242e-01
3.133133133133133441e+01 9.928607061923501176e-01
3.143143143143143448e+01 9.997596174782172884e-01
3.153153153153153454e+01 9.866949157489902644e-01
3.163163163163163460e+01 9.541884892092347137e-01
3.173173173173173467e+01 9.035388535798040133e-01
3.183183183183183473e+01 8.367692810293536620e-01
3.193193193193193480e+01 7.565469776725081141e-01
3.203203203203203486e+01 6.660765382051672123e-01
3.213213213213213493e+01 5.689719337839944657e-01
3.223223223223223499e+01 4.691121467774131970e-01
3.233233233233233506e+01 3.704862192645508867e-01
3.243243243243243512e+01 2.770339050415555060e-01
3.253253253253253519e+01 1.924882905189038984e-01
3.263263263263263525e+01 1.202266712431434015e-01
3.273273273273273531e+01 6.313564099378896066e-02
3.283283283283283538e+01 2.349578266443697397e-02
3.293293293293293544e+01 2.890567115845492190e-03
3.303303303303303551e+01 2.143099166647852074e-03
3.313313313313313557e+01 2.128323749361002437e-02
3.323323323323323564e+01 5.954640188406307849e-02
3.333333333333333570e+01 1.154041154865190627e-01
3.343343343343343577e+01 1.866250620055672771e-01
3.353353353353353583e+01 2.703642188240352184e-01
3.363363363363363590e+01 3.632765055023113310e-01
3.373373373373373596e+01 4.616504078029064484e-01
3.383383383383383602e+01 5.615562394373934119e-01
3.393393393393393609e+01 6.590031190080989365e-01
3.403403403403403615e+01 7.500983914759979942e-01
3.413413413413413622e+01 8.312031258361598507e-01
3.423423423423423628e+01 8.990774774236064415e-01
3.433433433433433635e+01 9.510101081442763338e-01
3.443443443443443641e+01 9.849264947547861082e-01
3.453453453453453648e+01 9.994717986617748240e-01
3.463463463463463654e+01 9.940649868881260565e-01
3.473473473473473661e+01 9.689220422666248167e-01
3.483483483483483667e+01 9.250473356966574245e-01
3.493493493493493673e+01 8.641935051115037236e-01
3.503503503503503680e+01 7.887914438482811486e-01
3.513513513513513686e+01 7.018531951352818821e-01
3.523523523523523693e+01 6.068516317153542783e-01
3.533533533533533699e+01 5.075817269749324234e-01
3.543543543543543706e+01 4.080089593019723404e-01
3.553553553553553712e+01 3.121109053776300879e-01
3.563563563563563719e+01 2.237183501843069411e-01
3.573573573573573725e+01 1.463622608181423257e-01
3.583583583583583732e+01 8.313273695597629687e-02
3.593593593593593738e+01 3.655557240220313336e-02
3.603603603603603744e+01 8.491358641152590286e-03
3.613613613613613751e+01 6.116084796941521603e-05
3.623623623623623757e+01 1.160173533608491701e-02
3.633633633633633764e+01 4.265207734441984339e-02
3.643643643643643770e+01 9.197183653220718236e-02
3.653653653653653777e+01 1.575908645481437220e-01
3.663663663663663783e+01 2.368879154253244745e-01
3.673673673673673790e+01 3.266953550020732511e-01
3.683683683683683796e+01 4.234256966010279677e-01
3.693693693693693803e+01 5.232149083177231041e-01
3.703703703703703809e+01 6.220767673039704349e-01
3.713713713713713815e+01 7.160620951433285253e-01
3.723723723723723822e+01 8.014165134337373209e-01
3.733733733733733828e+01 8.747304178048473933e-01
3.743743743743743835e+01 9.330751794433184143e-01
3.753753753753753841e+01 9.741201333612796720e-01
3.763763763763763848e+01 9.962256801441661258e-01
3.773773773773773854e+01 9.985087820953995053e-01
3.783783783783783861e+01 9.808782374406981308e-01
3.793793793793793867e+01 9.440383235134485185e-01
3.803803803803803874e+01 8.894606633888886282e-01
3.813813813813813880e+01 8.193254397946543310e-01
3.823823823823823886e+01 7.364343045921497577e-01
3.833833833833833893e+01 6.440984627841213062e-01
3.843843843843843899e+01 5.460064016928943831e-01
3.853853853853853906e+01 4.460765490565072322e-01
3.863863863863863912e+01 3.483007458259252398e-01
3.873873873873873919e+01 2.565847863664168504e-01
3.883883883883883925e+01 1.745923959129199177e-01
3.893893893893893932e+01 1.055988778231879144e-01
3.903903903903903938e+01 5.236027689860645734e-02
3.913913913913913944e+01 1.700328523103850770e-02
3.923923923923923951e+01 9.402884441783935631e-04
3.933933933933933957e+01 4.812945928862256972e-03
3.943943943943943964e+01 2.846655884056489838e-02
3.953953953953953970e+01 7.095624976609947454e-02
3.963963963963963977e+01 1.305847072038913981e-01
3.973973973973973983e+01 2.049699871005538354e-01
3.983983983983983990e+01 2.911406630143713037e-01
3.993993993993993996e+01 3.856545239962618776e-01
4.004004004004004003e+01 4.847360786315212389e-01
4.014014014014014009e+01 5.844273724466504394e-01
4.024024024024024015e+01 6.807460940641478775e-01
4.034034034034034022e+01 7.698446543286849852e-01
4.044044044044044028e+01 8.481638837613457715e-01
4.054054054054054035e+01 9.125752086771983240e-01
4.064064064064064041e+01 9.605056265377461822e-01
4.074074074074074048e+01 9.900404882189801636e-01
4.084084084084084054e+01 9.999999814102665807e-01
4.094094094094094061e+01 9.899862599052617895e-01
4.104104104104104067e+01 9.603993361378950766e-01
4.114114114114114074e+01 9.124211021133249444e-01
4.124124124124124080e+01 8.479681170406517809e-01
4.134134134134134086e+01 7.696150476329467471e-01
4.144144144144144093e+01 6.804918193613657129e-01
4.154154154154154099e+01 5.841585871036630850e-01
4.164164164164164106e+01 4.844635196634533014e-01
4.174174174174174112e+01 3.853890791610912747e-01
4.184184184184184119e+01 2.908929358858582392e-01
4.194194194194194125e+01 2.047498734933138886e-01
4.204204204204204132e+01 1.304009998709214080e-01
4.214214214214214138e+01 7.081628715967773491e-02
4.224224224224224145e+01 2.837593196727427811e-02
4.234234234234234151e+01 4.775275008832324461e-03
4.244244244244244157e+01 9.570782962122317047e-04
4.254254254254254164e+01 1.707386516047239636e-02
4.264264264264264170e+01 5.248182748916792317e-02
4.274274274274274887e+01 1.057665435626172629e-01
4.284284284284284894e+01 1.747994791533433456e-01
4.294294294294294900e+01 2.568230148714849004e-01
4.304304304304304907e+01 3.485606032171269519e-01
4.314314314314314913e+01 4.463476549585269071e-01
4.324324324324324920e+01 5.462779263925564566e-01
4.334334334334334926e+01 6.443595598387792389e-01
4.344344344344344933e+01 7.366745441063571320e-01
4.354354354354354939e+01 8.195352250572627284e-01
4.364364364364364945e+01 8.896316142274062200e-01
4.374374374374374952e+01 9.441636110520209568e-01
4.384384384384384958e+01 9.809528568893257638e-01
4.394394394394394965e+01 9.985297526734356888e-01
4.404404404404404971e+01 9.961921641518650672e-01
4.414414414414414978e+01 9.740334696429110428e-01
4.424424424424424984e+01 9.329388299051176725e-01
4.434434434434434991e+01 8.745498291242173039e-01
4.444444444444444997e+01 8.011988994839260858e-01
4.454454454454455004e+01 7.158161488249400461e-01
4.464464464464465010e+01 6.218123132946123954e-01
4.474474474474475016e+01 5.229425106112003396e-01
4.484484484484485023e+01 4.231562365134954318e-01
4.494494494494495029e+01 3.264395965022918178e-01
4.504504504504505036e+01 2.366560751525270956e-01
4.514514514514515042e+01 1.573922036937623892e-01
4.524524524524525049e+01 9.181429088832955554e-02
4.534534534534535055e+01 4.254194029721918013e-02
4.544544544544545062e+01 1.154340646750429134e-02
4.554554554554555068e+01 5.697018812576204385e-05
4.564564564564565075e+01 8.541473591949687999e-03
4.574574574574575081e+01 3.665799105022302107e-02
4.584584584584585087e+01 8.328336804177524644e-02
4.594594594594595094e+01 1.465550871674634326e-01
4.604604604604605100e+01 2.239456690727156252e-01
4.614614614614615107e+01 3.123636362268633060e-01
4.624624624624625113e+01 4.082770064166306723e-01
4.634634634634635120e+01 5.078543828294780349e-01
4.644644644644645126e+01 6.071180046815402020e-01
4.654654654654655133e+01 7.021026445638265390e-01
4.664664664664665139e+01 7.890140051248297759e-01
4.674674674674675146e+01 8.643802877074068247e-01
4.684684684684685152e+01 9.251908783138583781e-01
4.694694694694695158e+01 9.690166108898872199e-01
4.704704704704705165e+01 9.941068038384779371e-01
4.714714714714715171e+01 9.994591935012995254e-01
4.724724724724725178e+01 9.848599710146550557e-01
4.734734734734735184e+01 9.508923232104766754e-01
4.744744744744745191e+01 8.989131363838542832e-01
4.754754754754755197e+01 8.309987935284403049e-01
4.764764764764765204e+01 7.498622302467173872e-01
4.774774774774775210e+01 6.587445626554786493e-01
4.784784784784785217e+01 5.612856163649013741e-01
4.794794794794795223e+01 4.613785284364019801e-01
4.804804804804805229e+01 3.630142304521157826e-01
4.814814814814815236e+01 2.701220250423119751e-01
4.824824824824825242e+01 1.864126242694769675e-01
4.834834834834835249e+01 1.152299199254022827e-01
4.844844844844845255e+01 5.941740698886119332e-02
4.854854854854855262e+01 2.120459614998780259e-02
4.864864864864865268e+01 2.117952815602423475e-03
4.874874874874875275e+01 2.919920264350720895e-03
4.884884884884885281e+01 2.357846275897505089e-02
4.894894894894895288e+01 6.326834525967844902e-02
4.904904904904905294e+01 1.204040986185997975e-01
4.914914914914915300e+01 1.927033534135376425e-01
4.924924924924925307e+01 2.772780124603119178e-01
4.934934934934935313e+01 3.707496199872994946e-01
4.944944944944945320e+01 4.693843188853898951e-01
4.954954954954955326e+01 5.692420049729010056e-01
4.964964964964965333e+01 6.663337200949238648e-01
4.974974974974975339e+01 7.567809967645326985e-01
4.984984984984985346e+01 8.369707890961625152e-01
4.994994994994995352e+01 9.036998010933350312e-01
5.005005005005005358e+01 9.543024468907636004e-01
5.015015015015015365e+01 9.867573313958691861e-01
5.025025025025025371e+01 9.997679978081220886e-01
5.035035035035035378e+01 9.928147164410118242e-01
5.045045045045045384e+01 9.661752460680436139e-01
5.055055055055055391e+01 9.209137384510910351e-01
5.065065065065065397e+01 8.588382292755988301e-01
5.075075075075075404e+01 7.824284135780477101e-01
5.085085085085085410e+01 6.947365907795831630e-01
5.095095095095095417e+01 5.992657362181695868e-01
5.105105105105105423e+01 4.998295697863860965e-01
5.115115115115115429e+01 4.004002114333502504e-01
5.125125125125125436e+01 3.049495091497325117e-01
5.135135135135135442e+01 2.172903778165398148e-01
5.145145145145145449e+01 1.409244868643789450e-01
5.155155155155155455e+01 7.890238107758956732e-02
5.165165165165165462e+01 3.370162221787743190e-02
5.175175175175175468e+01 7.127819274654664979e-03
5.185185185185185475e+01 2.425008303521890925e-04
5.195195195195195481e+01 1.332071078227676370e-02
5.205205205205205488e+01 4.584002132057887063e-02
5.215215215215215494e+01 9.650140205464753651e-02
5.225225225225225500e+01 1.632811116408169338e-01
5.235235235235235507e+01 2.435115390260656765e-01
5.245245245245245513e+01 3.339877649885550359e-01
5.255255255255255520e+01 4.310955872217929752e-01
5.265265265265265526e+01 5.309558948172490300e-01
5.275275275275275533e+01 6.295796249001280875e-01
5.285285285285285539e+01 7.230271114537670796e-01
5.295295295295295546e+01 8.075654609158496866e-01
5.305305305305305552e+01 8.798176679530681499e-01
5.315315315315315559e+01 9.368975147712438334e-01
5.325325325325325565e+01 9.765248652149410846e-01
5.335335335335335571e+01 9.971167480687913587e-01
5.345345345345345578e+01 9.978505911077305557e-01
5.355355355355355584e+01 9.786970799215281014e-01
5.365365365365365591e+01 9.404213289208506188e-01
5.375375375375375597e+01 8.845523177473409993e-01
5.385385385385385604e+01 8.133218139940514568e-01
5.395395395395395610e+01 7.295752220555513645e-01
5.405405405405405617e+01 6.366579193779607904e-01
5.415415415415415623e+01 5.382816205700386991e-01
5.425425425425425630e+01 4.383761076521265343e-01
5.435435435435435636e+01 3.409322492903077984e-01
5.445445445445445642e+01 2.498425798370959849e-01
5.455455455455455649e+01 1.687458064769826460e-01
5.465465465465465655e+01 1.008814558614076345e-01
5.475475475475475662e+01 4.896046658130072393e-02
5.485485485485485668e+01 1.505689684604507098e-02
5.495495495495495675e+01 5.250732605796941399e-04
5.505505505505505681e+01 5.945490311289319298e-03
5.515515515515515688e+01 3.110162168312910133e-02
5.525525525525525694e+01 7.498856971310174924e-02
5.535535535535535701e+01 1.358532074652917254e-01
5.545545545545545707e+01 2.112642098948307179e-01
5.555555555555555713e+01 2.982091766057439197e-01
5.565565565565565720e+01 3.932149664951438139e-01
5.575575575575575726e+01 4.924864373442257026e-01
5.585585585585585733e+01 5.920580482045824100e-01
5.595595595595595739e+01 6.879522686055922209e-01
5.605605605605605746e+01 7.763384667004289419e-01
5.615615615615615752e+01 8.536859293363483481e-01
5.625625625625625759e+01 9.169049014435937117e-01
5.635635635635635765e+01 9.634700107227195387e-01
5.645645645645645772e+01 9.915211472545912841e-01
5.655655655655655778e+01 9.999377682526959799e-01
5.665665665665665784e+01 9.883836597481081565e-01
5.675675675675675791e+01 9.573203671375605239e-01
5.685685685685685797e+01 9.079887580921565116e-01
5.695695695695695804e+01 8.423594543227171938e-01
5.705705705705705810e+01 7.630541122758248695e-01
5.715715715715715817e+01 6.732406973157933905e-01
5.725725725725725823e+01 5.765069348152199735e-01
5.735735735735735830e+01 4.767169933313805119e-01
5.745745745745745836e+01 3.778571248640555935e-01
5.755755755755755843e+01 2.838764283155607582e-01
5.765765765765765849e+01 1.985290970844148795e-01
5.775775775775775855e+01 1.252244524382450375e-01
5.785785785785785862e+01 6.689075329742885656e-02
5.795795795795795868e+01 2.585822274253957512e-02
5.805805805805805875e+01 3.765963919127986604e-03
5.815815815815815881e+01 1.496483717217292776e-03
5.825825825825825888e+01 1.914043977082158579e-02
5.835835835835835894e+01 5.599301900903516649e-02
5.845845845845845901e+01 1.105820924226512264e-01
5.855855855855855907e+01 1.807270213638712819e-01
5.865865865865865914e+01 2.636257662773188737e-01
5.875875875875875920e+01 3.559668181794551911e-01
5.885885885885885926e+01 4.540614816232911299e-01
5.895895895895895933e+01 5.539912249160893198e-01
5.905905905905905939e+01 6.517642114747708160e-01
5.915915915915915946e+01 7.434747594500561441e-01
5.925925925925925952e+01 8.254593597764885438e-01
5.935935935935935959e+01 8.944430202840866206e-01
5.945945945945945965e+01 9.476700899466876660e-01
5.955955955955955972e+01 9.830143373051888345e-01
5.965965965965965978e+01 9.990638858255569410e-01
5.975975975975975985e+01 9.951776133272035585e-01
5.985985985985986702e+01 9.715107625258541102e-01
5.995995995995996708e+01 9.290087396411423892e-01
6.006006006006006714e+01 8.693693487923968011e-01
6.016016016016016721e+01 7.949749707837493462e-01
6.026026026026026727e+01 7.087973954940169907e-01
6.036036036036036734e+01 6.142791094777245720e-01
6.046046046046046740e+01 5.151957809139072753e-01
6.056056056056056747e+01 4.155054351381787803e-01
6.066066066066066753e+01 3.191903456572501852e-01
6.076076076076076760e+01 2.300979565355576462e-01
6.086086086086086766e+01 1.517871907368860129e-01
6.096096096096096772e+01 8.738628385419716649e-02
6.106106106106106779e+01 3.946782226274603983e-02
6.116116116116116785e+01 9.945977476264560718e-03
6.126126126126126792e+01 4.182690014383949135e-08
6.136136136136136798e+01 1.002731994558486370e-02
6.146146146146146805e+01 3.962725786005851653e-02
6.156156156156156811e+01 8.761744369643431618e-02
6.166166166166166818e+01 1.520808408133882128e-01
6.176176176176176824e+01 2.304423665738416227e-01
6.186186186186186831e+01 3.195717577055280367e-01
6.196196196196196837e+01 4.159086131464279634e-01
6.206206206206206843e+01 5.156046193596898197e-01
6.216216216216216850e+01 6.146772767243259272e-01
6.226226226226226856e+01 7.091689861810429596e-01
6.236236236236236863e+01 7.953051411895060152e-01
6.246246246246246869e+01 8.696449097875926793e-01
6.256256256256256876e+01 9.292186835475299000e-01
6.266266266266266882e+01 9.716467028336887024e-01
6.276276276276276889e+01 9.952341197063740985e-01
6.286286286286286895e+01 9.990387010478958274e-01
6.296296296296296902e+01 9.829084674126763455e-01
6.306306306306306908e+01 9.474877640636669707e-01
6.316316316316316914e+01 8.941915216788408616e-01
6.326326326326326921e+01 8.251487349206683142e-01
6.336336336336336927e+01 7.431174166979931384e-01
6.346346346346346934e+01 6.513744253940100259e-01
6.356356356356356940e+01 5.535845660693629045e-01
6.366366366366366947e+01 4.536541945801108588e-01
6.376376376376376953e+01 3.555751726035389360e-01
6.386386386386386960e+01 2.632654070115933997e-01
6.396396396396396966e+01 1.804123434748360899e-01
6.406406406406406973e+01 1.103256661688494233e-01
6.416416416416416268e+01 5.580508770409276648e-02
6.426426426426426985e+01 1.902851059961484584e-02
6.436436436436436281e+01 1.465027850650837135e-03
6.446446446446446998e+01 3.816237906800245671e-03
6.456456456456456294e+01 2.598821831807533733e-02
6.466466466466467011e+01 6.709527760155999110e-02
6.476476476476476307e+01 1.254953354549867839e-01
6.486486486486487024e+01 1.988555180040721959e-01
6.496496496496496320e+01 2.842453477874184453e-01
6.506506506506507037e+01 3.782538058719441265e-01
6.516516516516516333e+01 4.771255898848243415e-01
6.526526526526527050e+01 5.769111249402539832e-01
6.536536536536536346e+01 6.736243350595124690e-01
6.546546546546547063e+01 7.634018726796306664e-01
6.556556556556556359e+01 8.426574455996651558e-01
6.566566566566567076e+01 9.082250765543099513e-01
6.576576576576576372e+01 9.574855727057979271e-01
6.586586586586587089e+01 9.884711530496227416e-01
6.596596596596596385e+01 9.999440542423638778e-01
6.606606606606607102e+01 9.914459748295609831e-01
6.616616616616616398e+01 9.633163827530737411e-01
6.626626626626627115e+01 9.166789548183974512e-01
6.636636636636636410e+01 8.533966898168549031e-01
6.646646646646647127e+01 7.759974883731011186e-01
6.656656656656656423e+01 6.875731723376249382e-01
6.666666666666667140e+01 5.916559775388270381e-01
6.676676676676676436e+01 4.920774535687537088e-01
6.686686686686687153e+01 3.928154070520583629e-01
6.696696696696696449e+01 2.978350024687331232e-01
6.706706706706707166e+01 2.109303679851823876e-01
6.716716716716716462e+01 1.355730335757849570e-01
6.726726726726727179e+01 7.477325579063801020e-02
6.736736736736736475e+01 3.095976875043644772e-02
6.746746746746747192e+01 5.882764886733529014e-03
6.756756756756756488e+01 5.439810009991904441e-04
6.766766766766767205e+01 1.515668245469478127e-02
6.776776776776776501e+01 4.913714397925872390e-02
6.786786786786787218e+01 1.011279674172147619e-01
6.796796796796796514e+01 1.690523049338058525e-01
6.806806806806807231e+01 2.501968216755260932e-01
6.816816816816816527e+01 3.413200838132198767e-01
6.826826826826827244e+01 4.387820422545722354e-01
6.836836836836837961e+01 5.386894396134810359e-01
6.846846846846847257e+01 6.370513319471561298e-01
6.856856856856857974e+01 7.299385127225115344e-01
6.866866866866867269e+01 8.136404705932477333e-01
6.876876876876877986e+01 8.848136110849705860e-01
6.886886886886887282e+01 9.406148212606542103e-01
6.896896896896897999e+01 9.788150419351350218e-01
6.906906906906907295e+01 9.978883106337138598e-01
6.916916916916918012e+01 9.970727183467151811e-01
6.926926926926927308e+01 9.764008450750562007e-01
6.936936936936938025e+01 9.366984583754915938e-01
6.946946946946947321e+01 8.795515268940086173e-01
6.956956956956958038e+01 8.072428665788937696e-01
6.966966966966967334e+01 7.226609503313081717e-01
6.976976976976978051e+01 6.291845238221223102e-01
6.986986986986987347e+01 5.305476366616118655e-01
6.996996996996998064e+01 4.306904804447054258e-01
7.007007007007007360e+01 3.336019921598995519e-01
7.017017017017018077e+01 2.431605103934637024e-01
7.027027027027027373e+01 1.629788495452887398e-01
7.037037037037038090e+01 9.625998078808879754e-02
7.047047047047047386e+01 4.566908480093483103e-02
7.057057057057058103e+01 1.322708731340803759e-02
7.067067067067067399e+01 2.299303356896744517e-04
7.077077077077078116e+01 7.196803900594073156e-03
7.087087087087087411e+01 3.384940627482469627e-02
7.097097097097098128e+01 7.912306111993404334e-02
7.107107107107107424e+01 1.412092475120554635e-01
7.117117117117118141e+01 2.176278438980290275e-01
7.127127127127127437e+01 3.053262000995250469e-01
7.137137137137138154e+01 4.008010797924708712e-01
7.147147147147147450e+01 5.002386022946222477e-01
7.157157157157158167e+01 5.996665934867185799e-01
7.167167167167167463e+01 6.951132599912610566e-01
7.177177177177178180e+01 7.827658481422393733e-01
7.187187187187187476e+01 8.591229498857982927e-01
7.197197197197198193e+01 9.211343715351335559e-01
7.207207207207207489e+01 9.663229781216803316e-01
7.217217217217218206e+01 9.928836460959791221e-01
7.227227227227227502e+01 9.997553715707195865e-01
7.237237237237238219e+01 9.866636536392161538e-01
7.247247247247247515e+01 9.541314597068945025e-01
7.257257257257258232e+01 9.034583348099652911e-01
7.267267267267267528e+01 8.366684894294981190e-01
7.277277277277278245e+01 7.564299395073024179e-01
7.287287287287287540e+01 6.659479287315995810e-01
7.297297297297298257e+01 5.688368904914977708e-01
7.307307307307307553e+01 4.689760641635506988e-01
7.317317317317318270e+01 3.703545333440366738e-01
7.327327327327327566e+01 2.769118761969247555e-01
7.337337337337338283e+01 1.923807933669511305e-01
7.347347347347347579e+01 1.201379999114296632e-01
7.357357357357358296e+01 6.306933758552832336e-02
7.367367367367367592e+01 2.345449576415125498e-02
7.377377377377378309e+01 2.875945987838906138e-03
7.387387387387387605e+01 2.155727872801157380e-03
7.397397397397398322e+01 2.132261156218708334e-02
7.407407407407407618e+01 5.961094846155107208e-02
7.417417417417418335e+01 1.154912561675285609e-01
7.427427427427427631e+01 1.867313158308988030e-01
7.437437437437438348e+01 2.704853413326104850e-01
7.447447447447447644e+01 3.634076582822015622e-01
7.457457457457458361e+01 4.617863517686685015e-01
7.467467467467467657e+01 5.616915441127819930e-01
7.477477477477478374e+01 6.591323794542649495e-01
7.487487487487487670e+01 7.502164441994503274e-01
7.497497497497498387e+01 8.313052550519530737e-01
7.507507507507507682e+01 8.991596034340708643e-01
7.517517517517518399e+01 9.510689503084203134e-01
7.527527527527527695e+01 9.849597025381606752e-01
7.537537537537538412e+01 9.994780455319602908e-01
7.547547547547547708e+01 9.940440233049535612e-01
7.557557557557558425e+01 9.688747056504186661e-01
7.567567567567567721e+01 9.249755169762897689e-01
7.577577577577578438e+01 8.641000731885160047e-01
7.587587587587587734e+01 7.886801309945360439e-01
7.597597597597598451e+01 7.017284479019860743e-01
7.607607607607607747e+01 6.067184333092526805e-01
7.617617617617618464e+01 5.074453981969337946e-01
7.627627627627627760e+01 4.078749460001976357e-01
7.637637637637638477e+01 3.119845609051614121e-01
7.647647647647647773e+01 2.236047215518936482e-01
7.657657657657658490e+01 1.462658870840831959e-01
7.667667667667667786e+01 8.305746790698720350e-02
7.677677677677678503e+01 3.650441476813907210e-02
7.687687687687687799e+01 8.466355986911805812e-03
7.697697697697698516e+01 6.331194034873222152e-05
7.707707707707707812e+01 1.163095424662107490e-02
7.717717717717718529e+01 4.270719688192577135e-02
7.727727727727727824e+01 9.205065486788222007e-02
7.737737737737738541e+01 1.576902331707980276e-01
7.747747747747747837e+01 2.370038649131316344e-01
7.757757757757758554e+01 3.268232535868450528e-01
7.767767767767767850e+01 4.235604351907754084e-01
7.777777777777778567e+01 5.233511045866980904e-01
7.787787787787787863e+01 6.222089806973146731e-01
7.797797797797798580e+01 7.161850442078768753e-01
7.807807807807807876e+01 8.015252867931691449e-01
7.817817817817818593e+01 8.748206703516897553e-01
7.827827827827827889e+01 9.331433059104382588e-01
7.837837837837838606e+01 9.741634123394740108e-01
7.847847847847847902e+01 9.962423827927194830e-01
7.857857857857858619e+01 9.984982412031179200e-01
7.867867867867867915e+01 9.808408740786075386e-01
7.877877877877878632e+01 9.439756302145062561e-01
7.887887887887887928e+01 8.893751445266339095e-01
7.897897897897898645e+01 8.192205115423980555e-01
7.907907907907907941e+01 7.363141584590784383e-01
7.917917917917918658e+01 6.439678981794227930e-01
7.927927927927927954e+01 5.458706342065386963e-01
7.937937937937938671e+01 4.459410021149895487e-01
7.947947947947947966e+01 3.481708340457895234e-01
7.957957957957958683e+01 2.564656992595953366e-01
7.967967967967967979e+01 1.744888905843056393e-01
7.977977977977978696e+01 1.055150889412253268e-01
7.987987987987987992e+01 5.229955153008580132e-02
7.997997997997998709e+01 1.696804913768970233e-02
8.008008008008008005e+01 9.319491821723952830e-04
8.018018018018018722e+01 4.831836621951509335e-03
8.028028028028028018e+01 2.851192487298174691e-02
8.038038038038038735e+01 7.102627892677042254e-02
8.048048048048048031e+01 1.306766020777830883e-01
8.058058058058058748e+01 2.050800768154477649e-01
8.068068068068068044e+01 2.912645498790698562e-01
8.078078078078078761e+01 3.857872591727002920e-01
8.088088088088088057e+01 4.848723598231355347e-01
8.098098098098098774e+01 5.845617557062535719e-01
8.108108108108108070e+01 6.808732112601351139e-01
8.118118118118118787e+01 7.699594275827866818e-01
8.128128128128128083e+01 8.482617282916886658e-01
8.138138138138138800e+01 9.126522159440242365e-01
8.148148148148148096e+01 9.605587203755857617e-01
8.158158158158158813e+01 9.900675477185155726e-01
8.168168168168168108e+01 9.999999256410672110e-01
8.178178178178178825e+01 9.899590910951083789e-01
8.188188188188188121e+01 9.603461395837867842e-01
8.198198198198198838e+01 9.123440028277285396e-01
8.208208208208208134e+01 8.478701948648575959e-01
8.218218218218218851e+01 7.695002142083714469e-01
8.228228228228228147e+01 6.803646618734785489e-01
8.238238238238238864e+01 5.840241850402513313e-01
8.248248248248248160e+01 4.843272419072667812e-01
8.258258258258258877e+01 3.852563695220836970e-01
8.268268268268268173e+01 2.907690956404643257e-01
8.278278278278278890e+01 2.046398496173237880e-01
8.288288288288288186e+01 1.303091874255034310e-01
8.298298298298298903e+01 7.074635372432712399e-02
8.308308308308308199e+01 2.833067113313941440e-02
8.318318318318318916e+01 4.756494784690853093e-03
8.328328328328328212e+01 9.655288849915966099e-04
8.338338338338338929e+01 1.710920899131291098e-02
8.348348348348348225e+01 5.254265270217034489e-02
8.358358358358358942e+01 1.058504204076166216e-01
8.368368368368368237e+01 1.749030570497432102e-01
8.378378378378378954e+01 2.569421562520167734e-01
8.388388388388388250e+01 3.486905488088566929e-01
8.398398398398398967e+01 4.464832138988699128e-01
8.408408408408408263e+01 5.464136835856585606e-01
8.418418418418418980e+01 6.444900922693238554e-01
8.428428428428428276e+01 7.367946374696167089e-01
8.438438438438438993e+01 8.196400820520155506e-01
8.448448448448448289e+01 8.897170461909483796e-01
8.458458458458459006e+01 9.442262052823348073e-01
8.468468468468468302e+01 9.809901129703105793e-01
8.478478478478479019e+01 9.985401823576314229e-01
8.488488488488488315e+01 9.961753508106114818e-01
8.498498498498499032e+01 9.739900849091808199e-01
8.508508508508508328e+01 9.328706068441824373e-01
8.518518518518519045e+01 8.744594930038578351e-01
8.528528528528528341e+01 8.010900589097394997e-01
8.538538538538539058e+01 7.156931515893887319e-01
8.548548548548549775e+01 6.216800726982629755e-01
8.558558558558559071e+01 5.228063091939076923e-01
8.568568568568569788e+01 4.230215150357470311e-01
8.578578578578579084e+01 3.263117366063000846e-01
8.588588588588589801e+01 2.365401843847762808e-01
8.598598598598599096e+01 1.572929114768075731e-01
8.608608608608609813e+01 9.173556359184190101e-02
8.618618618618619109e+01 4.248692279571410907e-02
8.628628628628629826e+01 1.151429651379709714e-02
8.638638638638639122e+01 5.493062097303502765e-05
8.648648648648649839e+01 8.566585884779509899e-03
8.658658658658659135e+01 3.670925205656311308e-02
8.668668668668669852e+01 8.335873006738436786e-02
8.678678678678679148e+01 1.466515397683870736e-01
8.688688688688689865e+01 2.240593593118078430e-01
8.698698698698699161e+01 3.124900225848352697e-01
8.708708708708709878e+01 4.084110402095824655e-01
8.718718718718719174e+01 5.079907098857505687e-01
8.728728728728729891e+01 6.072511792218171500e-01
8.738738738738739187e+01 7.022273467405266700e-01
8.748748748748749904e+01 7.891252535310837590e-01
8.758758758758759200e+01 8.644736383664327617e-01
8.768768768768769917e+01 9.252626022000175476e-01
8.778778778778779213e+01 9.690638428899117640e-01
8.788788788788789930e+01 9.941276572025482539e-01
8.798798798798799226e+01 9.994528352119470549e-01
8.808808808808809943e+01 9.848266550628453908e-01
8.818818818818819238e+01 9.508333804495792130e-01
8.828828828828829955e+01 8.988309213667871056e-01
8.838838838838839251e+01 8.308965904517079393e-01
8.848848848848849968e+01 7.497441217584496220e-01
8.858858858858859264e+01 6.586152667682505513e-01
8.868868868868869981e+01 5.611502979879213759e-01
8.878878878878879277e+01 4.612425930558765597e-01
8.888888888888889994e+01 3.628831082013128650e-01
8.898898898898899290e+01 2.700009537871733145e-01
8.908908908908910007e+01 1.863064403745148812e-01
8.918918918918919303e+01 1.151428650582480284e-01
8.928928928928930020e+01 5.935295868073925396e-02
8.938938938938939316e+01 2.116532888079032323e-02
8.948948948948950033e+01 2.105435172580159484e-03
8.958958958958959329e+01 2.934652282666690235e-03
8.968968968968970046e+01 2.361985594707941005e-02
8.978978978978979342e+01 6.333474610743955457e-02
8.988988988988990059e+01 1.204928546491490921e-01
8.998998998998999355e+01 1.928109191402267719e-01
9.009009009009010072e+01 2.774000910162857658e-01
9.019019019019019368e+01 3.708813347699478902e-01
9.029029029029030085e+01 4.695204083592656175e-01
9.039039039039039380e+01 5.693770328492286925e-01
9.049049049049050097e+01 6.664622924919889613e-01
9.059059059059059393e+01 7.568979776739500620e-01
9.069069069069070110e+01 8.370715055481319222e-01
9.079079079079079406e+01 9.037802298250596778e-01
9.089089089089090123e+01 9.543593750614789428e-01
9.099099099099099419e+01 9.867884849283329318e-01
9.109109109109110136e+01 9.997721322299062408e-01
9.119119119119119432e+01 9.927916665967221332e-01
9.129129129129130149e+01 9.661259327166892286e-01
9.139139139139139445e+01 9.208401314850582775e-01
9.149149149149150162e+01 8.587432690304607208e-01
9.159159159159159458e+01 7.823158933766829470e-01
9.169169169169170175e+01 6.946110054024260405e-01
9.179179179179179471e+01 5.991321023528211054e-01
9.189189189189190188e+01 4.996932256287974217e-01
9.199199199199199484e+01 4.002666034460021227e-01
9.209209209209210201e+01 3.048239744948425534e-01
9.219219219219219497e+01 2.171779311555351866e-01
9.229229229229230214e+01 1.408296200400194487e-01
9.239239239239239510e+01 7.882888368092676179e-02
9.249249249249250227e+01 3.365243020757926334e-02
9.259259259259259522e+01 7.104897695965292984e-03
9.269269269269270239e+01 2.467653185279968658e-04
9.279279279279279535e+01 1.335199098623516580e-02
9.289289289289290252e+01 4.589706770781781797e-02
9.299299299299299548e+01 9.658193582559651547e-02
9.309309309309310265e+01 1.633819157587696191e-01
9.319319319319319561e+01 2.436285867262818206e-01
9.329329329329330278e+01 3.341163806331805541e-01
9.339339339339339574e+01 4.312306330748568173e-01
9.349349349349350291e+01 5.310919762789301224e-01
9.359359359359359587e+01 6.297113060017099917e-01
9.369369369369370304e+01 7.231491320052408911e-01
9.379379379379379600e+01 8.076729466316776573e-01
9.389389389389390317e+01 8.799063251625437454e-01
9.399399399399399613e+01 9.369638019352680702e-01
9.409409409409410330e+01 9.765661343979046283e-01
9.419419419419419626e+01 9.971313507141255084e-01
9.429429429429430343e+01 9.978379438918743016e-01
9.439439439439439639e+01 9.786576880556165925e-01
9.449449449449450356e+01 9.403567659693288228e-01
9.459459459459459651e+01 8.844651627696958895e-01
9.469469469469470368e+01 8.132155485205641021e-01
9.479479479479479664e+01 7.294540910126238176e-01
9.489489489489490381e+01 6.365267615184141414e-01
9.499499499499499677e+01 5.381456751822570883e-01
9.509509509509510394e+01 4.382408052691319500e-01
9.519519519519519690e+01 3.408029947594040654e-01
9.529529529529530407e+01 2.497245364154543346e-01
9.539539539539539703e+01 1.686436895779983292e-01
9.549549549549550420e+01 1.007993446907168855e-01
9.559559559559559716e+01 4.890164118711624180e-02
9.569569569569570433e+01 1.502370709290349986e-02
9.579579579579579729e+01 5.188449606641367491e-04
9.589589589589590446e+01 5.966472262951205523e-03
9.599599599599599742e+01 3.114897573228453745e-02
9.609609609609610459e+01 7.506040423450420496e-02
9.619619619619619755e+01 1.359466529261900147e-01
9.629629629629630472e+01 2.113755334825898335e-01
9.639639639639639768e+01 2.983339313403489124e-01
9.649649649649650485e+01 3.933481688702248902e-01
9.659659659659659781e+01 4.926227664003003381e-01
9.669669669669670498e+01 5.921920580824492353e-01
9.679679679679679793e+01 6.880786060889146905e-01
9.689689689689690510e+01 7.764520850576750455e-01
9.699699699699699806e+01 8.537822899196523263e-01
9.709709709709710523e+01 9.169801549915850281e-01
9.719719719719719819e+01 9.635211511247374627e-01
9.729729729729730536e+01 9.915461316341068754e-01
9.739739739739739832e+01 9.999355985729169172e-01
9.749749749749750549e+01 9.883544226799977350e-01
9.759759759759759845e+01 9.572652305976423470e-01
9.769769769769770562e+01 9.079099245884052483e-01
9.779779779779779858e+01 8.422600729722496959e-01
9.789789789789790575e+01 7.629381530088776842e-01
9.799799799799799871e+01 6.731127922912201189e-01
9.809809809809810588e+01 5.763721933822307797e-01
9.819819819819819884e+01 4.765807979293283370e-01
9.829829829829830601e+01 3.777249160131405104e-01
9.839839839839839897e+01 2.837534872875207004e-01
9.849849849849850614e+01 1.984203349345159961e-01
9.859859859859859910e+01 1.251342138262014625e-01
9.869869869869870627e+01 6.682264293370990260e-02
9.879879879879879923e+01 2.581496139308852439e-02
9.889889889889890640e+01 3.749279720445959294e-03
9.899899899899899935e+01 1.507043143495392446e-03
9.909909909909910652e+01 1.917782101066896686e-02
9.919919919919919948e+01 5.605572881533432694e-02
9.929929929929930665e+01 1.106676257624658738e-01
9.939939939939939961e+01 1.808319614855460333e-01
9.949949949949950678e+01 2.637459211975476947e-01
9.959959959959959974e+01 3.560973881380102291e-01
9.969969969969970691e+01 4.541972508163614752e-01
9.979979979979979987e+01 5.541267698489749094e-01
9.989989989989990704e+01 6.518941176111932023e-01
1.000000000000000000e+02 7.435938375035028303e-01
